0.3869951564645646
0.33881179381489446
0.39286485351087563
0.36828045938948684
0.3530013944750614
0.39695720669856627
0.3703390141715328
0.373166311235698
0.39915132923519536
0.37954337905915736
0.39196871844925774
0.38160193384120333
0.3693288018334542
0.38160193384120333
0.37808105312900686
0.37808105312900686
0.3875345477383725
0.38909258847868067
0.40541999583707167
0.39915132923519536
0.3900847574398494
0.4070544541710408
0.39056786140406885
0.39286485351087563
0.39657405886155495
0.3900847574398494
0.4070544541710408
0.3961855521400377
0.39915132923519536
0.410994181822133
0.39695720669856627
0.398797467408043
0.3998458098520121
0.40307943073657704
0.41319992564447716
0.4085980611475648
0.40018664575734064
0.4059755699122558
0.5067359209218782
0.44448374661003065
0.45165504066847006
0.4285929341376242
0.4085980611475648
0.44741730243728384
0.5068235250242754
0.4036833192542577
0.43527447008279196
0.40884719086930765
0.5068817746451533
0.4481499456387965
0.4386100047471473
0.5069253818405741
0.41122280679814693
0.4391150691661245
0.5069689206861288
0.4777273215861655
0.5069979087167056
0.5052182067693227
0.4701554221419588
0.4400984560286485
0.5070557941823566
0.4779755237835488
0.5061969597544849
0.4653732755166047
0.5071135592726375
0.4201101105389782
0.45428805668881544
0.4342997111991451
0.4344974186371715
0.5071855971184505
0.4171466621337494
0.4419665734455691
0.4375714621896023
0.43774727149659043
0.4289560475144949
0.48130898034053615
0.42027496430342026
0.36719099513522657
0.424392073867514
0.48130898034053615
0.5023917371019184
0.44135772106480076
0.5061596591207387
0.45197190088495276
0.3933023078711031
0.27777777777777857
0.48130898034053615
0.5061596591207387
0.4752971145271907
0.5023917371019184
0.42027496430342026
0.5061596591207387
0.48130898034053615
0.3933023078711031
0.3998458098520121
0.424392073867514
0.410994181822133
0.3998458098520121
0.424392073867514
0.38588389716973914
0.5061596591207387
0.42822501117234424
0.3773199705126693
0.49621253515135066
0.42822501117234424
0.44691791320685503
0.5061596591207387
0.45197190088495276
0.42822501117234424
0.44691791320685503
0.41582814721044414
0.35479413117332825
0.424392073867514
0.5023917371019184
0.48130898034053615
0.5061596591207387
0.38588389716973914
0.36719099513522657
0.48130898034053615
0.5061596591207387
0.48130898034053615
0.3933023078711031
0.3998458098520121
0.44135772106480076
0.5061596591207387
0.3773199705126693
0.43835398654978697
0.42822501117234424
0.42027496430342026
0.5061596591207387
0.27777777777777857
0.424392073867514
0.45660421249267635
0.5061596591207387
0.42822501117234424
0.48130898034053615
0.3933023078711031
0.36719099513522657
0.43835398654978697
0.5061596591207387
0.38588389716973914
0.44691791320685503
0.45660421249267635
0.4752971145271907
0.5061596591207387
0.4056991718330014
0.44691791320685503
0.44135772106480076
0.48130898034053615
0.5061596591207387
0.45197190088495276
0.27777777777777857
0.424392073867514
0.424392073867514
0.27777777777777857
0.5061596591207387
0.48130898034053615
0.36719099513522657
0.41582814721044414
0.41582814721044414
0.5061596591207387
0.46072699041262943
0.4384395883980492
0.4525949799679587
0.5068963179846353
0.4194407341062263
0.4384395883980492
0.4567814237972332
0.5068963179846353
0.47747688162278656
0.503233807577617
0.43318642721116163
0.5068963179846353
0.41424041349266894
0.36719099513522657
0.36719099513522657
0.41582814721044414
0.3998458098520121
0.424392073867514
0.38588389716973914
0.47202819785925065
0.42822501117234424
0.48130898034053615
0.48130898034053615
0.27777777777777857
0.5061596591207387
0.42027496430342026
0.27777777777777857
0.410994181822133
0.36719099513522657
0.5061596591207387
0.45660421249267635
0.42822501117234424
0.44691791320685503
0.5061596591207387
0.44691791320685503
0.424392073867514
0.35479413117332825
0.36719099513522657
0.43835398654978697
0.44135772106480076
0.48130898034053615
0.27777777777777857
0.424392073867514
0.35479413117332825
0.4827155252285511
0.36719099513522657
0.44950235851990783
0.36719099513522657
0.43835398654978697
0.5061596591207387
0.38588389716973914
0.42822501117234424
0.424392073867514
0.424392073867514
0.27777777777777857
0.5061596591207387
0.38588389716973914
0.3998458098520121
0.44950235851990783
0.36719099513522657
0.5061596591207387
0.45660421249267635
0.42822501117234424
0.44691791320685503
0.48690557077185304
0.4276638248579694
0.41255639621998874
0.46346143687966546
0.3479369067863409
0.43024827017101863
0.3479369067863409
0.4190998982009013
0.48690557077185304
0.3666298088208535
0.4089709228234586
0.40513798551862834
0.40513798551862834
0.25852368942889115
0.48690557077185304
0.39657405886155495
0.3479369067863409
0.46205489199164873
0.48690557077185304
0.4373501241437907
0.4089709228234586
0.4276638248579694
0.48690557077185304
0.33554004282443906
0.4089709228234586
0.43271781253606356
0.40513798551862834
0.46346143687966546
0.3479369067863409
0.43024827017101863
0.3479369067863409
0.4190998982009013
0.48690557077185304
0.3666298088208535
0.4089709228234586
0.40513798551862834
0.40513798551862834
0.25852368942889115
0.48690557077185304
0.4190998982009013
0.4276638248579694
0.40513798551862834
0.48690557077185304
0.25852368942889115
0.4190998982009013
0.4089709228234586
0.4276638248579694
0.40513798551862834
0.33554004282443906
0.48690557077185304
0.25852368942889115
0.40513798551862834
0.33554004282443906
0.48690557077185304
0.33554004282443906
0.3479369067863409
0.4221036327159151
0.3479369067863409
0.4190998982009013
0.46205489199164873
0.48690557077185304
0.4373501241437907
0.4089709228234586
0.4276638248579694
0.46346143687966546
0.3479369067863409
0.43024827017101863
0.3479369067863409
0.4190998982009013
0.48690557077185304
0.3666298088208535
0.4089709228234586
0.40513798551862834
0.40513798551862834
0.25852368942889115
0.48690557077185304
0.40102087595453106
0.25852368942889115
0.3917400934732438
0.3479369067863409
0.48690557077185304
0.4373501241437907
0.4089709228234586
0.4276638248579694
0.48690557077185304
0.3195577054660088
0.4190998982009013
0.4373501241437907
0.46346143687966546
0.3479369067863409
0.43024827017101863
0.3479369067863409
0.4190998982009013
0.48690557077185304
0.3666298088208535
0.4089709228234586
0.40513798551862834
0.40513798551862834
0.25852368942889115
0.48690557077185304
0.4221036327159151
0.25852368942889115
0.4373501241437907
0.48690557077185304
0.3666298088208535
0.4089709228234586
0.4089709228234586
0.33554004282443906
0.2970318661266642
0.4373501241437907
0.3479369067863409
0.46346143687966546
0.3479369067863409
0.43024827017101863
0.3479369067863409
0.4190998982009013
0.48690557077185304
0.3666298088208535
0.4089709228234586
0.40513798551862834
0.40513798551862834
0.25852368942889115
0.48690557077185304
0.46205489199164873
0.3479369067863409
0.39657405886155495
0.39657405886155495
0.48690557077185304
0.25852368942889115
0.48690557077185304
0.39657405886155495
0.3805917215031265
0.3479369067863409
0.48690557077185304
0.25852368942889115
0.40513798551862834
0.33554004282443906
0.48690557077185304
0.3740482195222139
0.4276638248579694
0.33881179381489446
0.36028929071026816
0.3727146301003721
0.3479369067863409
0.33374730612617576
0.3430937571434285
0.36880957591644936
0.36880957591644936
0.36880957591644936
0.3727146301003721
